221,200,2,1,224,239,167,40,201,96,129,176,56,143,68,40,80,128,132,38,164,108,59,146,100,62,144,182,98,40,241,171,132,90,132,128,61,48,64,120,192,60,216,40,128,55,225,113,162,96,99,94,37,80,64,16,169,86,178,18,88,129,28,128,3,91,220,95,92,108,28,108,15,200,44,68,89,54,84,156,40,
192,159,160,187,19,183,212,15,40,168,32,83,216,152,151,54,8,110,115,76,160,56,211,144,202,21,133,22,132,16,1,172,216,214,202,128,245,192,130,232,68,195,166,181,84,158,27,126,143,22,53,96,12,203,7,102,246,226,252,112,0,74,143,170,172,226,98,222,37,46,96,96,64,80,224,4,14,224,68,160,163,
216,199,100,28,120,64,250,74,96,90,112,0,146,147,168,106,76,114,124,43,230,231,112,222,254,198,212,222,12,241,174,22,250,40,10,114,176,220,52,1,39,125,56,74,232,0,240,207,216,130,76,70,118,2,176,136,56,9,244,240,180,212,160,182,62,126,56,192,112,7,46,223,24,226,64,102,122,148,160,60,192,
5,166,64,76,216,114,152,255,240,176,208,57,134,186,136,150,72,253,107,217,4,152,150,172,26,203,62,209,84,224,168,132,9,182,40,48,96,15,210,140,205,207,38,148,192,228,109,64,176,170,210,224,52,128,12,165,192,2,20,48,251,66,60,248,88,250,207,196,86,236,109,148,16,15,142,118,204,137,76,104,85,
198,216,221,188,82,153,109,112,66,19,36,160,33,140,92,24,242,90,156,37,68,220,46,28,94,8,88,60,232,234,86,240,207,150,74,75,167,0,230,122,144,54,234,125,232,32,188,203,54,144,170,56,57,112,74,28,144,130,187,252,197,128,89,212,100,168,64,22,174,148,254,54,40,60,13,70,144,44,249,78,67,
152,40,168,57,180,208,36,68,96,40,32,116,247,110,66,216,72,239,144,180,142,76,221,208,118,208,64,128,202,96,6,64,16,252,225,222,20,92,88,80,183,36,208,178,177,222,152,160,104,97,72,128,84,228,40,10,192,27,64,0,184,108,69,200,12,240,66,10,32,64,190,75,214,122,176,60,208,36,225,155,123,
6,222,95,26,242,242,159,158,184,92,36,178,222,188,192,141,228,160,56,102,176,104,179,8,134,58,50,144,0,226,212,236,213,86,104,248,1,204,177,192,104,224,112,174,29,64,164,0,162,134,166,87,127,208,151,6,80,230,70,48,18,15,141,108,48,8,197,16,233,57,8,137,130,135,159,188,50,186,240,192,60,
199,0,196,0,134,139,117,65,252,6,14,149,182,96,212,203,116,144,74,105,176,183,248,54,139,108,33,236,144,188,64,70,96,248,132,28,246,242,14,238,4,160,8,86,216,201,236,160,85,216,30,152,198,225,227,84,88,38,67,35,172,20,69,130,64,132,226,80,245,49,136,212,145,46,5,188,154,241,128,40,240,
246,120,94,148,29,248,14,232,220,142,223,74,44,68,105,178,212,90,90,114,182,188,53,131,22,88,75,15,128,26,132,183,100,56,68,247,208,252,96,25,192,71,40,32,130,242,8,190,240,204,180,59,116,64,56,88,46,224,236,147,194,251,183,112,134,88,192,70,111,250,50,104,144,126,162,180,80,54,109,40,104,
86,128,21,67,155,190,206,19,1,248,206,115,65,240,14,245,59,148,206,146,160,252,224,54,215,150,22,0,184,32,114,100,92,76,120,209,124,100,172,229,155,150,243,168,216,232,55,148,108,160,57,118,230,12,172,53,232,20,191,54,71,111,96,184,4,153,150,114,138,186,120,166,224,196,111,178,106,64,160,19,255,
43,128,176,188,76,22,114,11,224,223,208,254,5,11,121,98,241,198,200,231,48,243,244,190,43,13,192,6,56,76,32,136,150,173,63,80,155,237,30,24,150,78,125,238,199,88,150,164,128,122,232,207,8,232,84,88,140,188,0,198,64,180,148,63,175,220,8,154,236,52,44,22,178,188,188,251,241,104,122,231,159,
90,245,252,38,16,212,38,64,72,32,126,135,44,108,84,154,138,176,177,80,115,16,128,24,140,216,96,92,72,220,84,240,9,2,40,171,184,116,78,192,228,54,48,96,144,88,156,28,224,78,26,224,164,24,45,190,208,86,104,8,190,240,150,134,152,128,93,42,232,80,24,221,86,27,236,174,100,240,74,114,96,
213,176,216,192,172,58,148,64,181,248,25,212,0,47,20,252,203,180,33,64,62,216,88,192,160,88,248,179,73,156,54,6,222,72,34,96,28,14,214,18,104,160,172,210,235,32,104,168,158,28,96,192,235,255,146,46,236,192,56,232,125,74,71,102,196,71,97,150,129,72,80,80,88,218,63,60,250,72,100,183,13,
251,122,176,231,194,72,223,166,63,160,56,163,233,212,220,40,134,120,205,100,160,121,181,152,229,155,102,129,240,95,226,192,149,184,204,217,128,110,57,120,0,101,16,57,243,177,8,140,124,216,218,112,73,90,248,78,211,150,200,232,177,18,184,50,5,16,177,190,12,96,70,167,38,16,89,120,116,206,68,83,134,
96,81,32,58,31,103,220,8,154,72,69,8,68,16,176,137,130,220,180,18,2,64,88,81,153,240,202,80,158,65,184,72,142,204,28,168,94,228,162,166,32,194,128,20,69,210,119,8,98,232,117,85,27,78,97,32,128,136,54,46,128,136,190,40,140,207,224,92,146,0,35,154,213,224,192,106,104,220,30,69,232,
182,201,164,232,144,15,224,138,188,48,46,59,4,254,126,194,152,154,212,235,202,232,44,98,164,48,154,112,22,77,76,88,184,67,32,152,214,165,136,212,64,204,136,166,76,114,32,3,136,34,184,40,134,192,204,160,151,179,160,220,210,221,200,81,146,163,163,244,196,74,127,20,239,131,240,14,184,104,69,92,204,
116,18,156,162,128,248,253,249,160,108,247,152,152,104,228,0,4,131,97,0,201,8,104,152,211,40,192,176,56,208,8,105,198,142,224,96,0,176,105,164,232,177,64,189,246,26,137,72,180,246,192,50,158,176,255,228,98,164,0,228,171,36,152,249,184,46,140,7,58,52,79,14,224,224,198,144,236,114,63,178,160,
156,122,188,100,164,176,16,6,65,96,216,139,220,73,80,46,59,14,128,59,7,213,181,191,54,39,45,252,34,160,90,39,214,44,48,35,220,180,222,240,120,212,143,200,64,161,48,97,192,223,124,77,93,126,141,104,68,192,66,118,76,200,137,72,234,68,251,44,16,125,224,186,208,172,186,244,4,64,85,252,0,
160,200,40,132,250,224,218,145,80,186,96,152,156,13,104,248,106,115,88,168,74,166,34,201,212,168,206,220,36,93,84,32,36,127,16,94,52,200,163,212,91,150,232,151,84,174,226,189,155,6,160,80,216,172,128,133,220,64,141,243,247,80,188,170,226,182,224,226,208,225,160,96,31,213,44,109,12,248,4,183,64,
180,80,226,160,8,244,0,217,209,182,122,185,154,82,126,138,144,159,194,59,128,44,21,117,38,226,134,32,184,54,34,46,30,15,240,128,144,176,89,20,189,183,4,91,200,56,37,210,74,156,31,208,60,177,234,234,114,83,4,70,80,16,193,118,254,32,112,48,51,67,0,150,150,12,120,44,221,0,172,128,196,
208,246,82,105,202,88,224,218,116,96,88,169,32,221,78,132,128,150,125,14,177,242,128,30,236,9,148,21,158,172,8,144,149,184,132,174,33,0,160,2,108,123,176,115,69,224,28,0,60,192,134,14,132,53,0,134,168,232,192,68,93,108,24,112,52,128,38,186,207,86,80,207,202,231,240,54,191,70,0,168,135,
191,101,238,64,246,3,11,0,134,146,128,200,8,36,245,138,156,72,212,59,222,240,216,96,240,90,101,5,49,23,90,226,192,144,241,214,36,170,20,102,200,225,133,224,52,189,213,164,18,100,48,76,0,72,61,204,77,4,252,232,112,160,151,40,224,77,220,70,92,18,14,49,32,210,96,184,89,140,188,76,48,
30,176,188,234,18,64,132,255,116,12,123,64,145,192,238,49,22,140,89,16,250,68,138,190,80,168,225,96,89,0,94,112,191,237,40,180,168,230,225,214,233,107,165,82,160,24,86,110,188,49,16,10,148,243,56,184,103,83,50,192,248,150,184,176,185,251,222,144,192,130,19,186,185,214,88,45,156,176,136,237,145,
79,149,52,44,175,240,94,190,6,32,95,15,88,217,68,4,168,96,202,205,152,251,130,61,92,80,20,20,190,96,196,200,80,180,10,219,200,128,240,168,0,21,199,202,134,120,232,44,206,165,28,242,116,217,203,86,160,214,224,98,16,247,192,187,0,180,30,125,103,11,80,230,52,29,185,137,12,247,224,136,155,
178,96,180,90,197,240,96,18,134,136,88,92,90,141,79,192,64,42,173,120,225,71,15,120,104,100,226,50,176,216,98,59,152,132,165,154,133,243,94,9,18,121,232,128,54,34,251,30,172,240,140,144,32,27,64,98,77,52,195,192,70,101,88,20,217,56,72,167,241,68,8,57,128,226,53,235,194,204,160,60,246,
57,158,10,220,161,96,96,12,0,196,186,126,13,0,17,232,128,216,128,220,0,214,247,20,182,149,90,49,168,192,231,57,124,144,218,248,212,146,69,78,54,114,208,8,247,225,194,137,7,129,24,214,208,200,144,174,92,191,88,24,54,113,192,128,207,220,48,144,101,16,51,158,157,230,240,211,16,244,52,17,239,
62,78,116,168,48,132,135,243,112,196,68,230,40,188,2,116,8,26,212,228,70,4,6,8,240,213,30,126,59,202,198,248,96,34,224,33,236,201,9,32,40,108,140,64,196,0,64,224,93,204,54,210,160,46,204,98,238,80,174,144,208,178,102,68,78,228,174,116,34,24,248,35,36,199,128,116,80,48,141,22,85,
184,10,0,135,215,250,11,45,156,37,214,180,64,151,187,224,120,199,166,178,148,211,72,243,74,92,137,168,52,147,178,10,209,162,193,224,124,80,94,136,176,125,178,234,201,71,160,80,216,54,232,230,90,52,180,3,72,78,220,220,50,72,47,58,224,8,169,28,117,74,174,32,102,152,220,151,32,99,212,28,145,
57,4,40,240,119,218,24,65,99,224,30,56,125,84,104,74,32,208,170,187,50,61,32,157,3,88,196,1,74,40,144,160,156,80,28,66,8,72,128,198,44,104,203,56,168,242,32,144,166,184,192,172,232,107,108,56,250,170,68,162,200,8,88,96,8,83,204,54,200,136,238,211,24,184,16,0,30,86,128,222,222,
236,72,192,88,224,40,34,248,232,227,200,202,0,110,144,246,238,123,156,142,88,138,212,15,215,32,213,20,51,247,67,200,202,192,176,64,57,4,57,74,132,116,128,91,102,0,172,55,190,116,239,108,74,18,42,160,74,234,193,0,200,76,6,166,0,165,196,108,170,98,224,138,213,192,219,68,83,63,16,160,72,
124,144,43,105,132,120,240,169,82,47,0,17,19,116,148,20,192,81,52,160,11,217,223,179,48,59,233,76,40,183,207,114,77,2,125,16,146,136,232,202,40,188,146,193,209,250,140,32,224,122,200,20,72,64,0,8,98,205,64,113,102,128,172,228,250,209,151,154,44,152,112,63,100,24,10,196,124,132,247,96,221,
192,108,19,0,201,68,148,134,214,94,80,152,59,64,62,200,109,14,251,88,176,64,168,4,194,232,31,75,120,44,122,39,224,188,129,53,231,127,182,154,168,244,50,151,200,74,28,63,16,170,112,36,156,92,132,124,254,32,89,24,53,136,56,252,102,25,160,77,60,42,222,139,200,2,162,54,82,102,159,18,43,
70,168,232,12,70,128,78,92,1,124,101,150,26,103,144,94,160,38,1,236,16,106,32,166,228,177,24,68,196,204,198,108,70,32,88,206,242,240,158,32,152,128,135,128,32,196,134,161,171,30,128,134,80,216,135,144,160,76,241,144,53,5,62,102,160,160,200,56,109,186,221,92,232,144,88,140,218,248,128,174,22,
100,205,86,149,90,156,188,180,240,0,238,102,42,86,155,93,224,188,88,241,254,228,160,119,100,24,12,0,181,15,148,102,189,140,56,76,169,240,64,215,184,15,61,174,83,168,232,64,66,144,174,154,128,193,176,152,92,99,0,70,40,252,76,154,244,164,160,144,104,32,80,18,129,8,65,110,18,22,4,4,124,
203,26,193,241,85,94,112,58,124,143,28,58,216,8,12,136,87,136,150,100,176,226,169,91,220,213,212,2,253,230,20,219,238,184,38,134,8,238,225,62,138,146,18,91,170,176,226,248,96,44,62,216,112,172,138,178,78,30,26,246,170,8,34,128,180,68,192,148,144,223,88,21,128,252,54,225,43,52,232,87,32,
57,200,158,196,152,82,228,153,196,124,108,158,225,47,79,218,81,244,242,176,218,163,220,66,99,228,32,255,12,60,180,144,0,56,149,165,135,64,39,192,48,196,92,92,114,16,184,85,224,58,210,93,66,192,144,84,151,195,242,122,243,218,54,224,164,8,100,46,254,80,194,130,0,156,8,236,73,175,33,214,234,
27,1,181,106,80,144,98,179,126,62,112,128,64,173,128,208,192,84,44,188,51,210,16,252,227,128,171,140,208,232,27,73,232,232,6,90,220,164,177,0,240,174,141,250,88,101,88,72,164,92,142,44,96,7,148,16,16,68,22,0,110,168,0,192,26,124,254,175,244,100,214,90,114,201,136,100,48,115,30,113,136,
98,68,36,154,250,46,152,101,224,0,212,76,102,225,24,67,240,15,166,150,0,134,160,46,179,82,158,34,244,120,70,244,210,141,150,252,160,188,76,160,110,98,52,38,172,207,2,10,11,255,252,80,48,67,168,64,182,170,250,203,188,200,42,220,190,80,127,80,221,68,26,148,0,32,167,198,64,132,96,96,152,
128,176,42,128,185,133,208,26,192,138,24,176,0,254,40,170,0,82,96,73,111,122,218,192,92,111,120,46,186,7,16,73,244,116,229,54,34,128,24,131,8,101,218,72,176,136,242,79,160,209,135,172,4,202,217,7,162,94,12,0,67,149,139,8,9,160,158,152,125,128,194,104,96,40,6,64,103,207,71,220,108,
115,212,48,144,255,103,192,220,68,206,183,32,58,208,140,16,137,27,156,132,16,39,210,13,20,230,25,117,216,160,251,198,80,119,44,32,122,154,214,216,62,54,24,167,140,84,48,160,39,108,75,224,98,71,212,160,15,72,40,40,42,160,185,0,29,232,36,31,192,202,149,104,238,94,23,192,128,192,174,10,76,
35,254,116,68,128,231,82,156,72,228,252,226,152,26,183,197,4,204,58,200,236,35,148,236,52,104,0,12,238,153,116,186,71,48,176,214,4,192,140,110,32,87,199,198,20,29,80,183,72,186,19,84,204,188,254,32,110,16,3,64,0,168,249,43,224,160,144,158,73,232,60,86,75,243,140,23,254,140,159,36,180,
37,240,56,111,88,49,176,172,244,173,84,8,100,207,16,81,52,226,76,25,160,176,232,246,176,30,17,52,217,107,74,188,72,46,68,144,208,219,18,213,160,236,23,38,206,242,167,186,53,128,55,126,240,108,90,168,176,88,222,76,89,68,56,158,88,20,70,222,168,142,190,176,0,220,70,64,36,109,128,114,66,
27,201,154,28,254,108,72,105,61,252,60,46,10,92,24,190,173,46,212,79,78,56,112,60,144,84,106,51,34,0,116,141,140,96,72,50,214,104,11,185,52,240,16,128,196,104,0,106,53,88,66,0,88,26,81,205,207,136,197,124,226,176,117,36,245,75,28,160,176,132,224,5,20,144,4,24,202,70,22,80,136,
112,150,222,204,137,152,121,80,29,173,52,115,16,76,179,241,117,48,168,178,216,24,221,67,128,248,100,96,13,82,160,160,160,232,84,160,92,172,234,194,22,245,224,212,192,52,51,90,55,36,151,4,173,192,235,112,47,26,134,156,135,105,160,16,118,168,28,77,56,244,80,252,226,216,246,171,233,44,14,29,84,
16,87,184,102,172,222,138,89,35,190,204,202,146,47,176,17,118,80,163,152,50,37,147,192,96,115,42,136,218,72,232,50,117,16,64,18,190,20,238,88,200,46,104,124,108,147,3,136,208,196,90,100,60,237,82,5,66,38,224,175,1,66,134,43,106,163,236,184,250,229,38,3,98,236,48,238,9,29,206,161,84,
177,252,183,211,19,48,42,192,32,169,133,245,250,126,180,128,188,35,20,80,220,224,54,138,11,130,91,38,98,216,80,228,134,62,0,184,16,38,38,132,186,43,174,78,114,218,156,35,60,26,220,134,72,103,129,240,130,188,72,205,75,156,248,112,129,12,224,216,18,219,80,16,20,150,144,88,110,193,46,128,243,
224,212,210,132,8,229,128,0,162,116,24,164,70,164,153,160,144,199,178,35,208,184,242,23,13,215,238,228,88,152,0,116,34,42,152,190,184,10,92,244,37,244,238,9,207,180,52,232,188,132,124,220,246,179,124,113,92,4,148,189,250,26,89,29,54,226,65,84,0,0,154,72,91,156,132,51,250,124,193,172,82,
134,144,198,192,128,213,178,0,144,136,0,146,22,70,127,145,200,154,163,208,145,217,246,24,176,143,233,101,20,44,72,252,152,143,144,160,50,162,212,244,152,213,128,182,142,48,194,176,244,200,32,22,164,108,190,16,134,0,218,132,16,178,44,21,144,37,182,27,224,8,165,52,204,46,54,80,155,120,24,229,232,
168,0,60,47,68,66,212,99,63,192,136,87,132,88,212,146,150,174,67,1,232,150,44,20,196,250,86,128,139,22,105,180,24,188,36,213,174,87,82,0,229,94,112,150,114,73,244,241,219,12,104,35,88,130,60,174,54,184,0,138,189,40,207,70,94,160,106,210,33,19,88,167,182,84,203,44,112,45,136,209,198,
228,76,125,68,118,142,160,52,53,60,226,90,220,252,214,228,76,78,144,152,0,15,177,21,192,216,38,92,204,101,232,32,216,184,180,86,52,173,159,219,77,146,160,202,216,166,58,167,168,185,204,11,71,82,143,40,28,58,36,97,0,184,145,21,168,27,142,18,171,124,190,52,208,33,40,241,244,64,96,142,129,
172,94,226,115,166,246,160,134,128,29,240,216,54,85,60,12,204,251,207,61,191,107,100,199,114,94,68,6,56,0,95,61,56,174,32,176,107,22,176,191,51,71,211,154,176,64,202,10,88,119,28,250,157,192,20,16,8,72,160,154,172,198,134,12,19,134,22,89,10,144,152,26,108,128,98,81,204,144,246,198,149,
3,200,119,74,65,142,95,100,41,239,206,114,226,132,189,17,62,248,160,188,2,240,102,142,154,210,192,192,128,20,129,88,16,218,19,114,22,209,48,84,138,188,159,74,117,0,11,128,74,34,76,248,206,36,214,124,252,170,52,164,96,192,65,29,184,29,150,48,224,227,122,64,173,171,94,128,136,152,58,103,122,
98,184,168,71,40,235,240,39,144,190,213,223,0,247,81,94,152,32,40,40,44,116,171,197,206,182,194,204,248,244,140,192,203,119,98,102,95,8,105,129,170,40,32,164,82,224,101,64,247,182,168,122,142,136,238,144,141,152,118,35,196,30,192,115,73,72,137,176,173,150,43,108,148,40,241,23,180,183,78,3,192,
56,124,215,208,80,156,144,166,216,112,191,37,168,96,32,228,116,32,7,252,174,8,36,161,254,36,228,8,31,206,186,137,210,160,192,57,12,92,218,17,200,8,125,8,96,243,32,92,196,12,208,177,53,138,242,22,14,114,184,124,120,250,176,105,8,242,152,22,40,28,21,66,84,223,44,140,127,228,203,24,47,
228,226,101,216,35,146,237,207,98,44,54,96,172,64,88,244,3,24,112,33,164,208,192,49,121,26,106,0,154,110,20,83,4,24,204,72,114,192,26,86,222,46,156,62,114,104,140,160,130,182,32,144,34,84,176,5,64,60,234,72,234,148,218,244,176,24,52,246,246,160,19,64,192,212,180,214,40,119,82,130,4,
247,130,99,235,5,56,236,53,0,18,214,40,232,62,8,208,106,127,208,198,73,20,187,12,35,60,106,35,225,152,163,192,238,237,244,46,215,16,240,166,195,116,78,52,224,53,161,218,98,136,184,227,76,244,60,84,18,160,89,128,160,56,13,85,175,225,225,62,190,196,112,106,48,138,21,0,45,100,56,4,16,
166,32,2,184,152,23,72,24,69,97,128,78,80,90,8,208,124,96,26,118,113,78,116,124,0,151,42,239,200,121,206,202,146,119,63,148,142,181,192,40,237,142,128,201,56,186,220,24,76,222,28,70,27,41,198,181,200,60,194,138,72,144,96,34,91,222,0,10,230,192,50,128,123,173,185,105,144,0,128,162,240,
160,12,156,227,158,195,146,94,223,1,34,69,200,176,120,129,250,82,122,40,24,48,116,54,74,62,116,86,24,192,148,64,170,14,12,4,228,161,72,59,104,134,29,128,164,244,187,128,192,36,129,165,46,96,162,192,210,176,178,48,200,0,232,154,90,254,221,34,96,120,228,248,201,162,4,109,96,40,14,120,80,
137,180,63,168,170,176,247,0,149,8,232,214,220,41,79,236,48,152,44,26,165,239,80,201,224,42,9,64,203,96,243,191,164,100,123,248,102,120,44,212,116,96,76,130,12,156,68,208,221,114,248,221,159,8,142,64,135,179,114,240,120,212,21,72,25,214,0,214,176,167,50,240,168,214,96,104,32,164,64,128,124,
204,218,64,20,56,165,68,228,146,38,96,117,224,128,121,32,22,216,194,132,204,185,194,224,54,138,144,188,184,91,156,80,228,242,242,22,200,0,74,20,52,147,64,251,8,62,224,36,16,240,54,120,32,223,80,40,44,111,109,104,240,200,243,223,82,180,44,26,249,240,113,232,154,72,150,92,0,130,52,4,220,
68,5,229,156,108,188,68,96,109,96,6,173,168,18,151,248,119,120,205,210,51,122,73,199,213,144,123,194,194,128,204,112,224,112,232,15,209,224,2,36,83,224,110,128,168,236,148,202,108,152,98,4,24,188,230,175,85,70,80,69,186,150,28,216,250,206,130,178,122,116,36,136,172,28,129,212,14,203,48,144,217,
1,138,193,216,167,101,242,104,82,116,107,56,64,12,192,156,228,192,77,6,10,150,56,84,164,92,164,52,46,120,71,210,244,248,24,238,239,76,25,96,180,247,232,87,37,202,255,20,208,10,245,140,219,16,152,143,111,160,44,148,20,71,84,114,144,34,48,21,21,66,245,56,119,162,49,146,80,253,90,186,223,
32,146,76,254,155,47,84,164,52,30,196,150,59,244,0,166,112,252,244,156,184,249,219,114,70,180,86,196,46,145,3,53,48,2,14,5,186,156,255,106,231,222,32,155,1,188,74,218,130,37,224,254,176,204,160,120,73,234,138,158,161,112,12,228,28,202,22,224,241,13,72,247,113,120,234,87,224,145,4,244,139,
19,72,134,249,216,218,206,66,153,211,238,72,204,171,20,16,199,179,220,124,96,176,88,248,153,135,113,160,77,234,144,221,186,64,248,79,16,64,106,115,148,223,89,213,18,236,54,98,28,46,126,57,66,56,64,86,128,206,208,248,125,114,28,52,112,230,184,238,42,104,27,145,113,30,78,119,148,40,130,170,132,
200,188,15,224,1,88,46,186,92,108,98,112,112,21,37,212,80,135,66,22,0,36,4,20,136,24,88,58,232,157,48,169,38,12,5,75,184,58,131,119,43,240,51,136,105,20,196,44,144,56,128,18,4,38,20,176,88,216,106,182,80,224,206,130,154,8,234,7,27,128,112,216,236,91,60,128,195,231,200,187,212,
184,75,42,183,78,76,158,228,56,36,218,84,223,84,4,144,216,20,94,23,60,170,84,184,134,220,251,166,64,236,123,14,26,4,152,156,70,237,177,60,58,65,252,14,253,223,20,116,69,178,39,128,250,166,218,242,84,148,148,240,156,2,174,66,20,224,200,32,71,79,196,124,144,152,29,254,19,50,232,208,138,
156,10,186,116,230,138,180,220,70,236,162,205,22,36,168,43,168,200,118,84,192,40,211,78,114,28,58,188,64,176,125,39,32,16,1,174,254,30,84,60,136,52,112,208,8,137,124,223,103,82,214,191,10,112,173,186,202,202,96,224,135,65,95,248,160,240,96,84,23,198,110,8,226,25,96,62,188,212,224,88,176,
171,54,128,2,169,82,120,186,13,192,0,44,19,225,248,192,203,28,97,112,16,246,2,119,235,141,164,224,176,64,31,118,102,36,48,52,66,132,106,7,143,237,184,128,212,85,149,215,135,200,17,204,131,2,172,120,100,59,250,112,152,196,240,56,40,0,44,54,248,74,18,160,162,128,219,215,232,244,174,102,209,
198,241,6,174,68,197,78,12,5,183,12,176,128,60,58,192,66,52,74,232,44,80,163,4,45,52,112,52,145,0,210,48,176,120,12,109,3,240,240,0,7,176,160,160,15,44,14,4,1,139,120,124,18,57,175,206,160,128,129,154,224,48,148,96,182,72,132,120,222,66,43,63,48,0,88,24,242,112,120,130,68,
0,229,110,184,71,14,124,154,251,6,176,148,10,88,0,146,229,71,104,196,18,100,209,188,64,160,252,239,99,226,2,216,42,32,140,44,153,7,67,144,198,162,8,132,151,152,230,254,30,16,32,18,64,76,114,155,111,155,92,244,200,212,190,26,38,206,154,244,192,102,104,241,252,28,5,224,16,192,192,154,177,
88,71,192,240,40,48,43,94,189,56,54,204,121,224,223,198,204,7,140,160,32,12,219,40,82,156,128,236,59,124,14,160,188,236,123,184,76,67,164,146,0,34,92,152,35,106,34,167,62,10,146,144,18,64,45,177,56,92,252,40,166,32,64,80,225,120,158,230,208,89,246,212,154,37,194,176,80,144,29,222,253,
248,40,232,94,8,73,139,46,124,212,130,46,176,115,157,121,151,115,28,184,160,88,80,205,0,66,204,16,44,134,158,0,206,208,84,61,214,226,0,8,40,29,12,127,210,154,241,20,27,224,64,144,20,16,200,188,92,12,65,7,32,233,78,59,186,223,90,124,0,66,126,68,62,184,0,79,228,96,54,212,14,
16,186,202,92,108,216,102,98,254,104,213,10,15,178,222,0,148,133,228,32,102,106,206,53,226,88,32,112,242,26,188,206,177,36,8,59,231,248,254,40,122,247,169,156,134,0,218,30,252,110,195,178,113,128,144,22,12,172,160,56,143,165,81,55,18,95,184,204,144,234,249,184,56,63,27,244,42,76,63,80,188,
140,85,164,66,251,67,102,64,31,140,153,195,68,216,113,88,53,96,96,50,236,216,96,0,22,57,32,118,188,212,71,134,64,214,181,12,184,189,50,203,240,53,38,94,136,0,168,130,118,78,168,193,112,64,10,84,17,86,76,64,0,8,252,72,52,96,119,122,153,200,17,30,6,248,190,254,67,226,228,32,229,
10,245,182,120,61,106,220,104,150,6,120,144,143,193,59,100,26,162,80,58,90,62,64,136,210,180,94,113,28,200,196,59,100,20,24,192,182,154,72,203,26,143,0,104,32,217,0,49,42,56,192,192,234,90,134,96,2,96,48,253,162,177,116,64,238,68,95,112,88,197,112,216,64,71,96,34,223,237,0,39,32,
128,42,78,64,182,152,213,205,24,74,88,16,136,87,18,105,224,21,178,80,9,106,4,19,123,176,181,154,152,169,69,22,211,207,168,134,144,168,132,220,22,26,1,178,58,8,35,2,148,102,1,96,80,158,15,96,212,118,240,183,133,58,140,118,112,136,128,179,128,168,176,124,56,221,235,92,36,80,48,177,162,
132,36,20,72,18,39,150,176,186,192,192,184,56,254,124,226,34,88,77,31,196,44,39,122,200,69,74,148,224,252,66,12,172,48,149,20,230,162,64,134,64,254,89,232,236,74,152,82,32,42,74,252,86,49,148,188,70,196,48,6,134,112,64,200,96,87,137,153,241,48,42,72,185,143,76,16,112,76,18,180,160,
176,23,64,102,160,26,94,130,160,166,62,208,112,12,128,108,194,172,240,96,255,124,48,160,89,137,123,196,150,118,165,231,56,88,228,214,38,255,210,64,47,54,49,118,192,90,72,104,71,32,158,182,228,21,213,137,32,204,78,16,78,184,239,240,222,61,16,144,0,126,139,240,153,250,153,47,16,205,118,0,245,
154,168,206,42,179,0,124,72,78,140,96,157,152,229,252,181,177,75,172,16,136,148,160,144,56,140,67,38,161,248,188,103,188,84,208,246,13,188,232,4,234,88,69,159,38,96,192,104,32,19,74,200,240,172,56,197,208,176,80,181,166,132,40,24,225,231,104,156,127,178,0,216,4,253,224,212,202,36,128,122,163,
12,32,188,128,185,141,80,17,201,150,34,168,120,0,174,32,89,31,201,8,202,192,148,19,224,154,40,132,36,184,172,220,136,162,156,76,249,0,0,194,9,84,151,2,228,206,192,20,42,176,177,192,120,2,160,91,192,230,192,170,36,100,243,109,222,202,135,105,2,133,255,200,80,32,80,191,30,18,160,42,120,
90,217,128,241,32,166,90,216,28,200,91,152,128,168,192,191,42,240,252,102,40,246,128,96,44,25,208,83,32,36,154,246,105,224,126,100,161,165,120,176,56,204,112,48,27,241,16,128,30,87,76,126,104,18,226,64,81,33,3,210,251,54,208,138,68,244,26,56,223,46,127,201,148,0,57,252,158,193,130,175,210,
